43489
41610
23825
56067
25664
44276
61362
28932
16375
51803
62788
17441
31619
35711
29751
40179
56012
21225
3925
55820
19200
245
50269
23239
23578
1621
36720
58639
37557
5938
29579
26193
46810
34318
59981
14105
34931
38100
435
47233
13681
28899
58381
6261
45477
48119
20741
51299
39433
25694
50396
8034
42523
37612
63675
18322
12050
53467
51932
58420
63350
29573
60219
26101
58166
21527
18470
14865
37396
56760
49372
33515
63774
21019
10994
53898
60814
37568
64540
5194
43229
53434
42279
63622
19493
52733
50958
30158
19949
11800
18393
23888
6584
2344
64833
17891
25074
9965
11919
51395
13345
6589
53380
61155
37330
50534
50512
56277
34825
40334
64041
65072
44998
15855
19392
64258
63132
40178
13764
62659
8811
29509
30424
58467
59812
267
46451
20258
46601
55175
31246
27491
21754
64770
23355
40145
25225
42043
20448
21090
9554
53568
50694
41379
44504
61305
20777
16580
17869
24579
44094
42384
53165
63654
2479
25124
30435
58067
37164
18929
41193
9088
49092
20929
10883
45241
40318
30022
44567
31835
21505
37715
31348
27959
18087
10461
31164
19662
62821
212
6003
10338
31738
24081
6252
15426
42330
17154
49273
61615
17332
23275
54768
46090
44664
41107
27444
5947
3416
18524
32745
49919
5
11876
51107
61347
33285
13920
18340
35030
55171
45343
12878
9425
18107
9402
59956
17811
16591
20262
31133
54313
63405
6438
62185
34267
48289
34734
5179
33045
40718
50718
31162
35084
52341
49772
34707
39645
3333
51102
46159
59989
14884
12599
50880
48946
49591
1409
3489
51765
45249
43893
17302
7160
36221
23894
15744
12837
41841
41293
17555
21283
42701
20451
1618
12358
36449
17120
54226
2991
47206
4250
54518
13669
21772
32273
17506
60185
21945
65465
31636
37791
57453
33685
56468
2770
22195
18930
42430
39043
9948
6739
44318
7575
55119
8885
28988
41344
30374
9813
65064
24750
64166
53381
52306
46561
13219
28364
1189
9567
7254
36090
55152
42445
14179
56553
50057
14141
52856
3155
36231
27121
43686
9098
5565
42005
56714
23216
25472
33742
32314
65023
57064
29320
38641
40806
25743
27358
41097
64112
19044
42163
47629
16638
36435
42744
44115
4761
53506
31843
52981
54997
54542
5302
5225
11240
30575
22204
6483
20326
17761
62649
49014
63031
22609
40280
264
46265
11847
54037
40472
34480
5764
15151
38264
646
6992
2117
1232
31376
17670
48100
50109
37884
44116
37212
31394
25552
11110
48193
62225
51519
1298
16750
15456
49148
36581
39668
65066
42770
42110
55902
60402
49071
20878
26851
60273
23868
61610
28536
49699
45951
51689
61605
22841
53909
43422
37025
8378
2388
44836
19707
20062
36830
49780
8437
37361
25460
22212
60999
770
42175
54682
26648
6536
30911
51779
8047
16447
27793
34319
57765
15117
7137
60460
4774
10510
27350
42226
35431
16400
64885
32148
16116
39352
53631
57294
61276
6246
31597
22021
24473
52878
42345
4447
3749
42410
5667
35133
46738
44480
57255
3020
12004
25238
61945
34644
19408
58252
23683
55439
11689
7683
8810
32036
49920
64295
58204
63366
27119
61574
23009
23569
2537
49674
5302
7143
23508
43784
65491
63877
37304
36497
38441
17167
7937
48086
40154
42948
64970
30230
26127
50792
45416
61179
733
33503
13005
6632
56079
14045
27751
32235
38266
28156
31036
30168
30189
26012
19033
39365
40252
26159
63122
1595
22070
64285
57134
64189
40546
24983
6347
44682
54460
25247
34469
1654
16943
27271
45044
1304
33011
40361
12062
52815
32781
2016
23021
2926
32918
51253
21561
32251
23044
19698
38053
58968
6974
45962
12472
53728
44609
7294
17256
56239
3521
765
60234
54284
21945
17328
46089
46940
7044
41743
34366
28114
1572
4920
14595
48188
13852
18604
42562
21319
13257
1476
15838
28867
32227
58232
55477
27968
32248
54417
21358
60057
20583
37739
56867
11650
1810
5080
4531
46991
37830
48954
41461
10314
30586
4661
54656
9626
28785
24123
62585
58708
20712
16242
20512
30399
46306
26061
53432
6678
42463
53301
38825
33051
12591
36722
62411
26060
16202
44417
59066
22117
29346
23065
53161
14214
47233
31
33460
53676
27054
15955
28558
48483
8249
53563
20441
21793
44778
35438
47235
39837
15138
19177
29378
38186
19954
16557
36002
45338
39731
7248
65303
2333
14155
40727
48165
24222
23777
26282
7057
32082
48309
44442
23373
40150
33237
24941
13205
19832
50570
19578
2232
44251
36551
38188
50949
329
47878
49737
60349
21987
18589
9758
10506
24868
34463
46549
46799
29241
11006
10322
1783
39697
24277
54753
50704
1210
30934
24823
57486
48188
35081
11652
34446
12139
38316
10575
45887
38392
43354
18811
44760
10989
44191
24859
64045
8390
45963
57317
30169
52697
34931
32692
52494
37625
4713
41250
57648
19025
58909
56333
22590
44019
9550
13770
30847
34632
31119
13649
8325
10260
50590
13053
10056
57944
21200
24291
34174
60624
8295
64387
56177
13861
20381
46057
48530
16275
53885
6518
31356
47261
52236
40891
5873
17761
57279
39284
7163
41878
54024
6588
41231
7243
53347
21895
5102
41384
42386
27799
33405
6977
63840
60238
15352
43058
36373
481
10023
10187
46958
19985
5795
16103
39762
13440
9048
40105
11814
33482
56348
13422
3220
23930
8194
61312
61242
6474
15399
26321
61261
26621
25905
7921
51157
25350
42286
38347
44088
15032
40876
62933
54413
15677
11437
11340
2211
11754
20252
23424
59024
33135
51543
36261
28304
38579
57930
15415
14044
54373
27584
47676
9398
10643
59206
4154
24248
39233
42600
3779
32164
38680
56715
43806
36544
17233
617
30791
60290
20272
10349
51282
2095
7836
53805
46743
21564
51366
22629
48382
60998
60519
20456
11733
63502
941
33303
53924
40950
24105
6592
22324
47806
16266
41485
4402
60454
36527
43490
6200
42497
1226
7316
43629
40255
5721
15583
9971
2497
46721
16698
52185
2783
15553
46368
10516
46436
54926
22977
22414
39634
5939
28233
27345
25394
2521
13481
59302
23734
6330
40908
57841
38269
45836
19339
35628
13797
46520
57885
45185
54063
43838
40424
57001
26008
16968
42544
33287
26585
14722
6459
32216
33612
8155
62270
60718
35189
60260
61276
20228
31715
41938
35581
31550
3179
22977
35974
54302
31763
56845
43194
5618
40065
13947
63128
32922
10511
35752
60437
25437
51168
14584
16222
3726
639
